  n, insertion_cmp, insertion_swaps, insertion_time, merge_cmp, merge_swaps, merge_time, bubble_cmp, bubble_swaps, bubble_time, selection_cmp, selection_swaps, selection_time, quick_cmp, quick_swaps, quick_time, heap_cmp, heap_swaps, heap_time, bucket_cmp, bucket_swaps, bucket_time, radix_cmp, radix_swaps, radix_time
0,0,0,0,1,0,0,0,0,0,0,0,0,1,0,0,0,0,0,0,0,0,0,0,0
1,1,0,0,1,0,0,0,0,0,0,0,0,1,0,0,0,0,0,0,0,4,0,0,0
2,4,1,0,11,0,1,1,1,0,2,1,0,10,2,1,7,1,6,0,0,3,1,0,2
3,6,1,0,23,0,2,3,1,0,5,1,0,22,4,1,15,3,5,0,0,3,2,0,4
4,10,2,0,34,0,4,6,2,0,9,2,1,35,6,1,30,6,1,0,0,5,3,0,3
5,12,2,0,50,0,2,10,2,0,14,2,1,44,7,2,47,10,1,0,0,5,4,0,3
6,22,6,0,64,0,2,15,6,1,20,4,1,55,8,2,60,12,1,0,0,4,5,0,4
7,28,8,1,81,0,12,21,8,1,27,4,1,67,10,2,70,14,1,0,0,8,6,0,4
8,43,15,1,97,0,3,28,15,1,35,5,2,80,12,4,96,19,1,0,0,19,7,0,4
9,55,20,3,113,0,9,36,20,3,44,6,3,103,14,3,105,20,1,0,0,8,8,0,4
10,71,27,1,131,0,4,45,27,2,54,7,2,118,14,3,121,23,1,0,0,8,9,0,4
11,83,32,1,150,0,4,55,32,2,65,8,2,130,17,3,145,28,1,0,0,7,10,0,4
12,91,35,2,168,0,4,66,35,2,77,9,2,147,19,3,168,33,1,0,0,7,11,0,4
13,113,45,2,181,0,5,78,45,2,90,9,2,177,23,6,179,35,1,0,0,8,12,0,4
14,121,48,2,200,0,6,91,48,3,104,10,2,186,25,4,196,38,1,0,0,9,13,0,4
15,137,55,3,220,0,6,105,55,3,119,11,3,221,27,5,218,43,2,0,0,11,14,0,5
16,143,57,3,237,0,11,120,57,3,135,13,3,236,26,15,263,53,2,0,0,11,15,0,5
17,169,69,3,260,0,5,136,69,4,152,11,3,238,32,9,279,55,2,0,0,10,16,0,5
18,187,77,3,281,0,6,153,77,5,170,11,4,242,30,4,309,61,2,0,0,23,17,0,5
19,193,79,3,300,0,6,171,79,5,189,11,4,273,35,5,328,65,2,0,0,14,18,0,5
20,232,98,4,323,0,6,190,98,5,209,16,4,293,36,5,362,72,2,0,0,13,19,0,5
21,270,116,4,342,0,6,210,116,6,230,16,5,298,37,5,376,74,2,0,0,9,20,0,53
22,312,136,5,364,0,8,231,136,7,252,18,6,322,41,6,388,76,3,0,0,16,21,0,6
23,340,149,6,392,0,9,253,149,8,275,21,6,355,41,6,413,81,7,0,0,19,22,0,7
24,368,162,7,413,0,8,276,162,8,299,22,6,367,44,7,445,88,3,0,0,10,23,0,6
25,400,177,6,413,0,8,300,177,8,324,21,7,414,48,7,469,93,3,0,0,10,24,0,6
26,426,189,7,438,0,9,325,189,9,350,23,7,439,49,8,506,101,3,0,0,9,25,0,6
27,474,212,8,463,0,8,351,212,9,377,24,7,459,50,7,515,102,3,0,0,9,26,0,6
28,486,217,8,489,0,9,378,217,10,405,23,8,478,52,7,542,107,3,0,0,401,27,0,9
29,500,223,9,505,0,10,406,223,11,434,25,9,500,62,8,555,109,4,0,0,10,28,0,7
30,514,229,8,528,0,10,435,229,12,464,27,9,517,61,9,584,115,3,0,0,11,29,0,6
31,540,241,9,551,0,10,465,241,13,495,27,10,555,59,8,610,121,3,0,0,10,30,0,7
32,564,252,9,572,0,11,496,252,13,527,26,10,619,62,10,655,130,5,0,0,15,31,0,7
33,590,264,9,602,0,18,528,264,15,560,26,12,559,68,9,682,136,4,0,0,14,32,0,7
34,646,291,10,621,0,11,561,291,15,594,31,12,606,62,9,722,143,4,0,0,12,33,0,7
35,662,298,10,656,0,11,595,298,16,629,32,13,637,68,10,748,148,4,0,0,12,34,0,7
36,718,325,12,677,0,12,630,325,17,665,31,13,649,77,11,773,153,4,0,0,12,35,0,7
37,776,353,12,686,0,12,666,353,17,702,31,14,727,77,17,793,157,4,0,0,12,36,0,8
38,834,381,14,707,0,14,703,381,19,740,33,15,692,72,3,809,159,5,0,0,13,37,0,8
39,842,384,13,740,0,4,741,384,20,779,34,15,792,75,3,849,168,5,0,0,13,38,0,8
40,921,423,14,766,0,3,780,423,20,819,37,16,834,82,3,880,173,5,0,0,13,39,0,8
41,977,450,16,785,0,4,820,450,21,860,40,16,781,80,3,904,178,5,0,0,14,40,0,8
42,1021,471,16,801,0,3,861,471,23,902,37,18,783,85,3,932,183,5,0,0,13,41,0,8
43,1081,500,17,837,0,4,903,500,24,945,36,18,846,89,3,980,194,5,0,0,14,42,0,9
44,1093,505,18,857,0,4,946,505,25,989,39,19,867,93,4,1022,203,6,0,0,15,43,0,9
45,1121,518,18,889,0,4,990,518,26,1034,42,20,849,94,4,1059,212,5,0,0,12,44,0,9
46,1165,539,19,923,0,4,1035,539,27,1080,43,21,881,97,3,1073,213,6,0,0,12,45,0,9
47,1225,568,19,937,0,4,1081,568,28,1127,44,22,924,99,3,1098,218,6,0,0,13,46,0,2
48,1275,592,20,962,0,4,1128,592,30,1175,40,22,877,102,4,1145,228,6,0,0,13,47,0,3
49,1359,633,23,959,0,8,1176,633,34,1224,41,50,921,105,9,1171,233,13,0,0,67,48,0,5
50,1437,671,59,995,0,10,1225,671,69,1274,47,50,944,106,6,1207,241,8,0,0,85,49,0,3
51,1457,680,64,1020,0,15,1275,680,92,1325,48,27,987,108,5,1224,244,8,0,0,18,50,0,3
52,1463,682,24,1037,0,6,1326,682,35,1377,50,26,970,111,4,1272,254,7,0,0,12,51,0,2
53,1501,700,24,1068,0,6,1378,700,36,1430,52,27,1018,103,4,1313,264,7,0,0,11,52,0,2
54,1605,751,26,1098,0,5,1431,751,38,1484,47,28,1100,118,4,1336,267,7,0,0,11,53,0,2
55,1701,798,27,1126,0,5,1485,798,39,1539,48,29,1127,114,5,1359,272,20,0,0,12,54,0,2
56,1773,833,28,1147,0,5,1540,833,41,1595,53,30,1096,114,4,1387,277,7,0,0,12,55,0,3
57,1821,856,29,1170,0,6,1596,856,42,1652,52,31,1118,115,5,1391,276,7,0,0,28,56,0,3
58,1903,896,31,1196,0,6,1653,896,43,1710,54,33,1174,123,5,1454,290,8,0,0,11,57,0,2
59,2019,953,32,1224,0,6,1711,953,45,1769,57,33,1224,132,5,1486,295,8,0,0,12,58,0,2
60,2041,963,32,1245,0,5,1770,963,52,1829,57,35,1205,129,5,1526,305,8,0,0,12,59,0,2
61,2139,1011,34,1265,0,6,1830,1011,48,1890,55,35,1219,129,5,1551,309,8,0,0,12,60,0,2
62,2201,1041,35,1296,0,6,1891,1041,50,1952,55,37,1281,131,5,1575,313,9,0,0,13,61,0,3
63,2215,1047,36,1321,0,7,1953,1047,51,2015,57,38,1270,130,7,1603,319,10,0,0,16,62,0,3
64,2263,1070,36,1344,0,6,2016,1070,52,2079,58,38,1312,133,6,1621,322,9,0,0,30,63,0,3
65,2283,1079,37,1376,0,7,2080,1079,54,2144,61,40,1325,139,6,1667,331,9,0,0,13,64,0,3
66,2385,1129,38,1401,0,7,2145,1129,56,2210,63,41,1385,143,6,1692,335,9,0,0,12,65,0,3
67,2509,1190,40,1427,0,7,2211,1190,58,2277,64,42,1531,148,6,1719,342,9,0,0,14,66,0,3
68,2641,1255,42,1455,0,7,2278,1255,59,2345,61,43,1452,140,6,1790,357,9,0,0,13,67,0,3
69,2769,1318,44,1484,0,7,2346,1318,91,2414,60,57,1435,140,6,1810,360,10,0,0,22,68,0,3
70,2901,1383,46,1516,0,7,2415,1383,146,2484,65,82,1510,158,7,1832,363,11,0,0,17,69,0,3
71,3009,1436,48,1530,0,9,2485,1436,68,2555,68,47,1498,159,7,1868,370,11,0,0,16,70,0,3
72,3011,1436,48,1557,0,7,2556,1436,68,2627,68,48,1544,161,7,1911,378,11,0,0,14,71,0,3
73,3147,1503,50,1575,0,29,2628,1503,67,2700,67,51,1598,168,8,1926,381,11,0,0,17,72,0,3
74,3237,1547,52,1606,0,8,2701,1547,19,2774,71,42,1575,163,7,1960,389,11,0,0,31,73,0,4
75,3369,1612,53,1632,0,8,2775,1612,17,2849,70,17,1588,173,7,2019,402,11,0,0,14,74,0,3
76,3417,1635,54,1653,0,21,2850,1635,28,2925,73,13,1716,162,8,2042,407,24,0,0,16,75,0,3
77,3425,1638,55,1687,0,23,2926,1638,18,3002,74,13,1801,172,7,2081,414,9,0,0,16,76,0,3
78,3497,1673,55,1716,0,8,3003,1673,19,3080,73,13,1788,172,7,2106,419,9,0,0,15,77,0,3
79,3633,1740,58,1733,0,8,3081,1740,18,3159,74,13,1871,168,7,2148,426,8,0,0,14,78,0,3
80,3643,1744,58,1756,0,8,3160,1744,18,3239,74,13,1947,176,8,2182,434,8,0,0,15,79,0,3
81,3723,1783,158,1796,0,18,3240,1783,34,3320,79,26,1794,170,99,2214,439,10,0,0,20,80,0,4
82,3769,1805,60,1827,0,311,3321,1805,20,3402,79,15,1807,179,9,2267,451,10,0,0,19,81,0,4
83,3871,1855,61,1848,0,9,3403,1855,21,3485,79,15,1794,186,8,2268,449,9,0,0,16,82,0,3
84,3881,1859,62,1870,0,8,3486,1859,21,3569,79,16,1872,196,8,2318,461,9,0,0,17,83,0,3
85,3971,1903,77,1899,0,9,3570,1903,21,3654,79,15,1886,190,8,2372,473,9,0,0,16,84,0,4
86,4025,1929,37,1931,0,11,3655,1929,22,3740,81,16,1944,188,8,2377,471,10,0,0,15,85,0,4
87,4115,1973,21,1953,0,9,3741,1973,21,3827,83,16,1974,193,8,2442,485,10,0,0,16,86,0,4
88,4193,2011,19,1977,0,9,3828,2011,32,3915,85,18,2080,201,9,2473,493,9,0,0,16,87,0,4
89,4265,2046,15,2017,0,9,3916,2046,22,4004,84,17,2190,204,9,2497,496,9,0,0,15,88,0,3
90,4375,2100,15,2047,0,9,4005,2100,23,4094,87,18,2050,205,9,2551,508,10,0,0,16,89,0,4
91,4401,2112,15,2081,0,9,4095,2112,23,4185,85,17,2260,211,9,2577,512,10,0,0,16,90,0,4
92,4429,2125,15,2107,0,10,4186,2125,24,4277,88,18,2177,215,8,2620,521,10,0,0,18,91,0,4
93,4515,2167,16,2124,0,10,4278,2167,24,4370,88,18,2072,217,8,2632,523,10,0,0,15,92,0,4
94,4595,2206,16,2145,0,9,4371,2206,24,4464,89,19,2091,226,8,2673,530,10,0,0,16,93,0,3
95,4611,2213,16,2179,0,9,4465,2213,25,4559,92,19,2365,213,9,2716,539,10,0,0,15,94,0,4
96,4763,2288,16,2205,0,10,4560,2288,25,4655,93,19,2243,222,9,2751,546,10,0,0,16,95,0,4
97,4847,2329,16,2222,0,10,4656,2329,26,4752,92,20,2250,219,9,2800,557,10,0,0,16,96,0,4
98,5039,2424,17,2237,0,10,4753,2424,26,4850,90,20,2262,225,9,2836,564,10,0,0,35,97,0,4
99,5209,2508,18,2273,0,10,4851,2508,27,4949,94,22,2313,228,9,2868,570,11,0,0,19,98,0,4
100,5333,2569,18,2313,0,10,4950,2569,28,5049,97,22,2309,232,9,2900,577,11,0,0,32,99,0,4
